id,class
017001,0
017002,0
017003,1
017004,0
017005,0
017006,1
017007,0
017008,0
017009,1
017010,0
017011,0
017012,0
017013,0
017014,0
017015,0
017016,0
017017,0
017018,1
017019,0
017020,0
017021,0
017022,0
017023,0
017024,0
017025,0
017026,0
017027,0
017028,0
017029,1
017030,0
017031,0
017032,0
017033,0
017034,0
017035,0
017036,0
017037,0
017038,0
017039,0
017040,0
017041,0
017042,0
017043,0
017044,0
017045,0
017046,0
017047,1
017048,0
017049,0
017050,0
017051,0
017052,0
017053,1
017054,0
017055,1
017056,0
017057,0
017058,0
017059,0
017060,0
017061,0
017062,0
017063,0
017064,0
017065,0
017066,0
017067,0
017068,0
017069,0
017070,0
017071,0
017072,0
017073,0
017074,0
017075,0
017076,0
017077,0
017078,0
017079,0
017080,0
017081,1
017082,0
017083,0
017084,1
017085,0
017086,0
017087,0
017088,0
017089,0
017090,0
017091,0
017092,0
017093,0
017094,0
017095,0
017096,0
017097,0
017098,0
017099,0
017100,0
017101,0
017102,0
017103,0
017104,0
017105,0
017106,0
017107,0
017108,0
017109,0
017110,0
017111,0
017112,0
017113,0
017114,0
017115,0
017116,0
017117,0
017118,0
017119,0
017120,1
017121,0
017122,0
017123,0
017124,0
017125,0
017126,0
017127,0
017128,0
017129,0
017130,1
017131,0
017132,0
017133,0
017134,0
017135,0
017136,0
017137,0
017138,0
017139,0
017140,0
017141,0
017142,0
017143,0
017144,0
017145,0
017146,0
017147,1
017148,0
017149,0
017150,0
017151,0
017152,0
017153,0
017154,1
017155,0
017156,0
017157,0
017158,1
017159,0
017160,0
017161,0
017162,0
017163,0
017164,0
017165,0
017166,0
017167,0
017168,0
017169,0
017170,0
017171,0
017172,0
017173,1
017174,0
017175,0
017176,0
017177,0
017178,0
017179,1
017180,0
017181,1
017182,0
017183,0
017184,1
017185,0
017186,0
017187,0
017188,0
017189,0
017190,0
017191,0
017192,0
017193,0
017194,0
017195,0
017196,0
017197,0
017198,0
017199,0
017200,0
017201,0
017202,0
017203,0
017204,0
017205,0
017206,0
017207,0
017208,1
017209,0
017210,0
017211,0
017212,0
017213,0
017214,0
017215,0
017216,0
017217,0
017218,0
017219,0
017220,0
017221,0
017222,0
017223,1
017224,0
017225,0
017226,0
017227,0
017228,0
017229,1
017230,0
017231,0
017232,0
017233,0
017234,0
017235,0
017236,0
017237,0
017238,0
017239,0
017240,0
017241,0
017242,1
017243,0
017244,0
017245,0
017246,0
017247,0
017248,0
017249,0
017250,0
017251,0
017252,0
017253,0
017254,0
017255,0
017256,1
017257,0
017258,0
017259,0
017260,0
017261,0
017262,0
017263,0
017264,1
017265,0
017266,0
017267,0
017268,0
017269,0
017270,0
017271,0
017272,0
017273,0
017274,0
017275,0
017276,0
017277,0
017278,0
017279,0
017280,0
017281,0
017282,0
017283,0
017284,0
017285,1
017286,0
017287,0
017288,0
017289,0
017290,0
017291,0
017292,0
017293,0
017294,0
017295,0
017296,0
017297,0
017298,0
017299,0
017300,0
017301,0
017302,0
017303,0
017304,0
017305,0
017306,0
017307,0
017308,1
017309,0
017310,0
017311,0
017312,0
017313,0
017314,1
017315,0
017316,0
017317,0
017318,1
017319,0
017320,0
017321,1
017322,0
017323,0
017324,0
017325,0
017326,1
017327,0
017328,0
017329,0
017330,0
017331,0
017332,0
017333,0
017334,0
017335,0
017336,1
017337,0
017338,0
017339,0
017340,0
017341,0
017342,1
017343,0
017344,1
017345,0
017346,0
017347,0
017348,0
017349,0
017350,0
017351,0
017352,0
017353,0
017354,0
017355,0
017356,0
017357,0
017358,0
017359,0
017360,0
017361,0
017362,0
017363,0
017364,0
017365,0
017366,0
017367,1
017368,0
017369,0
017370,0
017371,0
017372,1
017373,0
017374,0
017375,0
017376,0
017377,0
017378,0
017379,0
017380,0
017381,0
017382,0
017383,1
017384,0
017385,0
017386,0
017387,0
017388,0
017389,0
017390,0
017391,0
017392,0
017393,0
017394,0
017395,1
017396,0
017397,0
017398,1
017399,0
017400,0
017401,0
017402,0
017403,0
017404,0
017405,0
017406,0
017407,0
017408,0
017409,0
017410,0
017411,1
017412,1
017413,0
017414,0
017415,0
017416,1
017417,0
017418,0
017419,1
017420,0
017421,0
017422,0
017423,0
017424,0
017425,0
017426,0
017427,0
017428,0
017429,0
017430,0
017431,0
017432,0
017433,0
017434,0
017435,0
017436,0
017437,0
017438,0
017439,0
017440,0
017441,0
017442,0
017443,0
017444,0
017445,0
017446,0
017447,0
017448,0
017449,0
017450,0
017451,1
017452,0
017453,0
017454,0
017455,0
017456,0
017457,0
017458,0
017459,0
017460,0
017461,0
017462,0
017463,0
017464,0
017465,0
017466,0
017467,0
017468,0
017469,0
017470,0
017471,0
017472,0
017473,0
017474,0
017475,0
017476,0
017477,0
017478,0
017479,1
017480,0
017481,0
017482,0
017483,0
017484,0
017485,0
017486,0
017487,0
017488,0
017489,0
017490,1
017491,0
017492,0
017493,0
017494,0
017495,0
017496,0
017497,0
017498,0
017499,1
017500,0
017501,0
017502,0
017503,0
017504,0
017505,0
017506,0
017507,0
017508,0
017509,0
017510,0
017511,0
017512,0
017513,0
017514,0
017515,0
017516,0
017517,1
017518,0
017519,0
017520,1
017521,0
017522,0
017523,0
017524,1
017525,0
017526,0
017527,0
017528,1
017529,0
017530,0
017531,0
017532,0
017533,0
017534,0
017535,0
017536,0
017537,0
017538,0
017539,0
017540,0
017541,0
017542,0
017543,0
017544,0
017545,0
017546,0
017547,0
017548,0
017549,0
017550,0
017551,0
017552,0
017553,0
017554,0
017555,0
017556,0
017557,0
017558,0
017559,0
017560,0
017561,0
017562,0
017563,0
017564,0
017565,0
017566,0
017567,0
017568,0
017569,0
017570,0
017571,0
017572,1
017573,0
017574,0
017575,0
017576,0
017577,0
017578,0
017579,0
017580,0
017581,0
017582,0
017583,0
017584,0
017585,0
017586,0
017587,0
017588,0
017589,0
017590,0
017591,0
017592,0
017593,1
017594,0
017595,0
017596,0
017597,0
017598,0
017599,0
017600,0
017601,0
017602,0
017603,0
017604,0
017605,0
017606,0
017607,0
017608,0
017609,0
017610,0
017611,0
017612,0
017613,0
017614,0
017615,0
017616,0
017617,0
017618,1
017619,0
017620,0
017621,0
017622,0
017623,0
017624,0
017625,0
017626,0
017627,0
017628,0
017629,0
017630,0
017631,0
017632,0
017633,0
017634,0
017635,0
017636,0
017637,0
017638,1
017639,1
017640,0
017641,0
017642,0
017643,0
017644,0
017645,0
017646,0
017647,0
017648,0
017649,0
017650,0
017651,1
017652,0
017653,0
017654,0
017655,0
017656,0
017657,0
017658,0
017659,0
017660,0
017661,0
017662,0
017663,0
017664,0
017665,0
017666,0
017667,0
017668,0
017669,1
017670,0
017671,1
017672,0
017673,0
017674,0
017675,0
017676,0
017677,0
017678,0
017679,0
017680,0
017681,0
017682,0
017683,0
017684,0
017685,0
017686,0
017687,0
017688,0
017689,0
017690,0
017691,0
017692,0
017693,0
017694,0
017695,0
017696,1
017697,1
017698,1
017699,0
017700,0
017701,0
017702,0
017703,0
017704,1
017705,0
017706,0
017707,1
017708,0
017709,0
017710,0
017711,1
017712,1
017713,0
017714,0
017715,0
017716,0
017717,0
017718,0
017719,0
017720,1
017721,1
017722,1
017723,0
017724,0
017725,0
017726,0
017727,0
017728,0
017729,0
017730,0
017731,0
017732,0
017733,1
017734,0
017735,0
017736,0
017737,0
017738,0
017739,0
017740,0
017741,0
017742,0
017743,0
017744,0
017745,0
017746,0
017747,0
017748,0
017749,0
017750,1
017751,1
017752,0
017753,0
017754,0
017755,1
017756,0
017757,0
017758,0
017759,0
017760,0
017761,0
017762,0
017763,0
017764,0
017765,0
017766,0
017767,0
017768,0
017769,0
017770,0
017771,0
017772,0
017773,0
017774,0
017775,0
017776,0
017777,0
017778,0
017779,0
017780,0
017781,0
017782,0
017783,0
017784,0
017785,0
017786,0
017787,0
017788,1
017789,0
017790,0
017791,1
017792,0
017793,0
017794,0
017795,0
017796,0
017797,0
017798,0
017799,0
017800,0
017801,0
017802,0
017803,0
017804,0
017805,0
017806,0
017807,0
017808,0
017809,0
017810,0
017811,0
017812,0
017813,0
017814,0
017815,0
017816,0
017817,1
017818,0
017819,0
017820,0
017821,0
017822,0
017823,0
017824,0
017825,0
017826,1
017827,0
017828,0
017829,0
017830,0
017831,0
017832,0
017833,0
017834,0
017835,0
017836,0
017837,0
017838,0
017839,0
017840,0
017841,0
017842,1
017843,0
017844,0
017845,0
017846,0
017847,1
017848,0
017849,1
017850,0
017851,0
017852,0
017853,0
017854,1
017855,0
017856,0
017857,0
017858,0
017859,0
017860,0
017861,0
017862,0
017863,0
017864,0
017865,0
017866,0
017867,0
017868,0
017869,0
017870,0
017871,0
017872,0
017873,0
017874,0
017875,0
017876,0
017877,0
017878,0
017879,0
017880,0
017881,0
017882,0
017883,0
017884,0
017885,0
017886,0
017887,1
017888,1
017889,0
017890,0
017891,0
017892,0
017893,0
017894,0
017895,0
017896,0
017897,0
017898,0
017899,0
017900,0
017901,1
017902,0
017903,0
017904,0
017905,0
017906,0
017907,0
017908,0
017909,0
017910,0
017911,0
017912,0
017913,0
017914,0
017915,0
017916,0
017917,0
017918,0
017919,0
017920,1
017921,0
017922,0
017923,1
017924,0
017925,0
017926,0
017927,0
017928,0
017929,0
017930,0
017931,0
017932,1
017933,0
017934,0
017935,0
017936,0
017937,0
017938,0
017939,0
017940,0
017941,0
017942,0
017943,0
017944,0
017945,0
017946,0
017947,0
017948,0
017949,0
017950,0
017951,0
017952,0
017953,0
017954,0
017955,0
017956,0
017957,0
017958,0
017959,0
017960,0
017961,1
017962,0
017963,0
017964,0
017965,0
017966,1
017967,1
017968,0
017969,0
017970,0
017971,0
017972,0
017973,0
017974,0
017975,0
017976,0
017977,0
017978,0
017979,0
017980,0
017981,1
017982,0
017983,0
017984,0
017985,0
017986,0
017987,0
017988,0
017989,0
017990,0
017991,0
017992,0
017993,0
017994,0
017995,0
017996,0
017997,0
017998,0
017999,0
018000,0
018001,0
018002,0
018003,0
018004,1
018005,0
018006,0
018007,0
018008,0
018009,0
018010,0
018011,0
018012,0
018013,0
018014,0
018015,0
018016,0
018017,0
018018,0
018019,1
018020,0
018021,0
018022,0
018023,0
018024,0
018025,0
018026,0
018027,0
018028,0
018029,0
018030,0
018031,0
018032,0
018033,0
018034,0
018035,0
018036,0
018037,0
018038,0
018039,0
018040,0
018041,0
018042,0
018043,1
018044,0
018045,0
018046,0
018047,0
018048,0
018049,0
018050,0
018051,0
018052,1
018053,0
018054,1
018055,0
018056,0
018057,0
018058,0
018059,0
018060,0
018061,0
018062,0
018063,0
018064,0
018065,0
018066,0
018067,0
018068,0
018069,0
018070,0
018071,0
018072,1
018073,0
018074,0
018075,0
018076,0
018077,1
018078,0
018079,0
018080,1
018081,0
018082,0
018083,0
018084,0
018085,0
018086,0
018087,0
018088,0
018089,0
018090,0
018091,1
018092,0
018093,1
018094,1
018095,0
018096,0
018097,0
018098,1
018099,0
018100,0
018101,0
018102,0
018103,0
018104,0
018105,0
018106,0
018107,1
018108,0
018109,0
018110,0
018111,0
018112,0
018113,0
018114,0
018115,0
018116,0
018117,0
018118,0
018119,0
018120,0
018121,0
018122,0
018123,0
018124,1
018125,0
018126,0
018127,0
018128,0
018129,0
018130,0
018131,0
018132,0
018133,0
018134,0
018135,0
018136,1
018137,0
018138,0
018139,0
018140,0
018141,0
018142,0
018143,0
018144,0
018145,0
018146,0
018147,0
018148,0
018149,0
018150,0
018151,0
018152,0
018153,1
018154,0
018155,0
018156,0
018157,0
018158,0
018159,0
018160,1
018161,0
018162,0
018163,0
018164,0
018165,0
018166,0
018167,0
018168,0
018169,0
018170,1
018171,0
018172,0
018173,0
018174,0
018175,0
018176,1
018177,1
018178,0
018179,0
018180,0
018181,0
018182,0
018183,0
018184,0
018185,0
018186,0
018187,0
018188,0
018189,0
018190,0
018191,0
018192,0
018193,0
018194,1
018195,0
018196,0
018197,0
018198,0
018199,0
018200,0
018201,0
018202,0
018203,0
018204,0
018205,0
018206,0
018207,0
018208,0
018209,0
018210,0
018211,0
018212,0
018213,1
018214,0
018215,0
018216,0
018217,0
018218,0
018219,0
018220,0
018221,0
018222,0
018223,0
018224,0
018225,0
018226,0
018227,0
018228,0
018229,0
018230,0
018231,1
018232,0
018233,0
018234,0
018235,0
018236,0
018237,0
018238,0
018239,0
018240,0
018241,0
018242,0
018243,0
018244,0
018245,0
018246,0
018247,0
018248,0
018249,0
018250,0
018251,0
018252,0
018253,0
018254,1
018255,1
018256,0
018257,0
018258,1
018259,0
018260,0
018261,0
018262,0
018263,0
018264,0
018265,0
018266,0
018267,0
018268,0
018269,0
018270,0
018271,0
018272,0
018273,0
018274,0
018275,0
018276,0
018277,0
018278,0
018279,0
018280,0
018281,0
018282,0
018283,0
018284,0
018285,0
018286,0
018287,1
018288,0
018289,0
018290,0
018291,0
018292,0
018293,0
018294,0
018295,0
018296,0
018297,0
018298,0
018299,1
018300,0
018301,0
018302,0
018303,0
018304,0
018305,0
018306,0
018307,0
018308,0
018309,0
018310,0
018311,0
018312,0
018313,0
018314,0
018315,1
018316,0
018317,0
018318,0
018319,0
018320,0
018321,0
018322,1
018323,0
018324,0
018325,0
018326,0
018327,0
018328,0
018329,0
018330,0
018331,0
018332,0
018333,0
018334,1
018335,0
018336,0
018337,0
018338,0
018339,1
018340,0
018341,0
018342,0
018343,0
018344,0
018345,0
018346,1
018347,0
018348,1
018349,0
018350,0
018351,0
018352,0
018353,0
018354,0
018355,0
018356,0
018357,0
018358,0
018359,0
018360,0
018361,0
018362,0
018363,0
018364,0
018365,0
018366,0
018367,0
018368,0
018369,0
018370,0
018371,0
018372,0
018373,0
018374,0
018375,0
018376,0
018377,0
018378,0
018379,0
018380,0
018381,0
018382,0
018383,0
018384,1
018385,0
018386,0
018387,0
018388,0
018389,0
018390,0
018391,0
018392,0
018393,0
018394,0
018395,0
018396,0
018397,0
018398,0
018399,0
018400,0
018401,0
018402,0
018403,1
018404,0
018405,0
018406,0
018407,0
018408,0
018409,0
018410,0
018411,0
018412,0
018413,0
018414,0
018415,0
018416,0
018417,0
018418,0
018419,0
018420,0
018421,0
018422,0
018423,0
018424,0
018425,0
018426,0
018427,0
018428,0
018429,0
018430,0
018431,0
018432,0
018433,0
018434,0
018435,0
018436,0
018437,0
018438,0
018439,0
018440,0
018441,0
018442,0
018443,0
018444,0
018445,0
018446,0
018447,0
018448,0
018449,0
018450,1
018451,0
018452,0
018453,0
018454,0
018455,1
018456,0
018457,0
018458,0
018459,1
018460,0
018461,0
018462,0
018463,0
018464,0
018465,0
018466,0
018467,1
018468,0
018469,0
018470,0
018471,0
018472,0
018473,0
018474,0
018475,0
018476,0
018477,0
018478,0
018479,0
018480,1
018481,1
018482,0
018483,0
018484,0
018485,0
018486,0
018487,0
018488,0
018489,0
018490,0
018491,0
018492,0
018493,0
018494,1
018495,0
018496,0
018497,0
018498,0
018499,0
018500,0
018501,0
018502,0
018503,0
018504,0
018505,0
018506,0
018507,0
018508,0
018509,0
018510,0
018511,0
018512,0
018513,0
018514,0
018515,0
018516,1
018517,0
018518,0
018519,0
018520,0
018521,0
018522,0
018523,0
018524,0
018525,1
018526,0
018527,0
018528,0
018529,0
018530,0
018531,0
018532,0
018533,0
018534,0
018535,0
018536,0
018537,0
018538,0
018539,0
018540,0
018541,0
018542,0
018543,0
018544,0
018545,0
018546,0
018547,0
018548,0
018549,0
018550,0
018551,0
018552,0
018553,0
018554,0
018555,0
018556,0
018557,0
018558,0
018559,0
018560,0
018561,0
018562,0
018563,0
018564,0
018565,0
018566,0
018567,0
018568,0
018569,0
018570,0
018571,0
018572,0
018573,1
018574,0
018575,0
018576,0
018577,0
018578,0
018579,1
018580,0
018581,0
018582,0
018583,1
018584,0
018585,0
018586,0
018587,1
018588,0
018589,0
018590,0
018591,0
018592,0
018593,0
018594,0
018595,0
018596,0
018597,0
018598,0
018599,0
018600,0
018601,0
018602,0
018603,0
018604,0
018605,0
018606,0
018607,1
018608,1
018609,0
018610,0
018611,0
018612,0
018613,0
018614,0
018615,0
018616,0
018617,0
018618,0
018619,0
018620,0
018621,0
018622,0
018623,0
018624,0
018625,0
018626,0
018627,0
018628,0
018629,0
018630,0
018631,0
018632,0
018633,0
018634,0
018635,0
018636,0
018637,1
018638,0
018639,0
018640,0
018641,0
018642,0
018643,0
018644,1
018645,0
018646,0
018647,0
018648,0
018649,0
018650,0
018651,0
018652,1
018653,0
018654,0
018655,0
018656,1
018657,0
018658,0
018659,0
018660,0
018661,1
018662,0
018663,0
018664,0
018665,0
018666,0
018667,0
018668,0
018669,1
018670,0
018671,0
018672,0
018673,1
018674,0
018675,0
018676,0
018677,0
018678,0
018679,0
018680,0
018681,0
018682,0
018683,0
018684,0
018685,0
018686,0
018687,1
018688,0
018689,0
018690,0
018691,0
018692,0
018693,0
018694,0
018695,0
018696,0
018697,0
018698,0
018699,0
018700,0
018701,0
018702,0
018703,0
018704,1
018705,0
018706,0
018707,0
018708,0
018709,0
018710,0
018711,0
018712,0
018713,0
018714,0
018715,0
018716,0
018717,0
018718,0
018719,0
018720,1
018721,0
018722,0
018723,0
018724,0
018725,1
018726,0
018727,0
018728,0
018729,0
018730,0
018731,0
018732,0
018733,0
018734,0
018735,0
018736,0
018737,0
018738,0
018739,0
018740,1
018741,0
018742,0
018743,0
018744,0
018745,0
018746,1
018747,0
018748,0
018749,0
018750,0
018751,0
018752,0
018753,1
018754,0
018755,0
018756,0
018757,0
018758,0
018759,0
018760,0
018761,0
018762,0
018763,0
018764,0
018765,0
018766,0
018767,0
018768,0
018769,0
018770,0
018771,0
018772,1
018773,1
018774,0
018775,0
018776,0
018777,0
018778,0
018779,0
018780,0
018781,0
018782,0
018783,0
018784,0
018785,0
018786,0
018787,0
018788,0
018789,0
018790,0
018791,0
018792,0
018793,1
018794,0
018795,0
018796,0
018797,0
018798,1
018799,0
018800,0
018801,0
018802,0
018803,0
018804,0
018805,1
018806,0
018807,0
018808,0
018809,0
018810,0
018811,0
018812,0
018813,0
018814,0
018815,0
018816,0
018817,0
018818,0
018819,0
018820,0
018821,0
018822,0
018823,0
018824,1
018825,0
018826,0
018827,0
018828,0
018829,0
018830,0
018831,0
018832,0
018833,0
018834,0
018835,1
018836,1
018837,0
018838,0
018839,0
018840,0
018841,0
018842,0
018843,0
018844,0
018845,0
018846,0
018847,0
018848,0
018849,0
018850,0
018851,0
018852,0
018853,0
018854,0
018855,0
018856,0
018857,0
018858,0
018859,0
018860,0
018861,1
018862,0
018863,0
018864,0
018865,0
018866,1
018867,1
018868,0
018869,0
018870,0
018871,0
018872,0
018873,0
018874,0
018875,0
018876,0
018877,0
018878,1
018879,0
018880,0
018881,0
018882,0
018883,1
018884,0
018885,0
018886,0
018887,0
018888,0
018889,0
018890,0
018891,0
018892,0
018893,0
018894,0
018895,0
018896,0
018897,0
018898,0
018899,0
018900,0
018901,0
018902,0
018903,0
018904,0
018905,0
018906,0
018907,0
018908,0
018909,0
018910,0
018911,0
018912,0
018913,0
018914,0
018915,0
018916,1
018917,0
018918,0
018919,0
018920,0
018921,0
018922,0
018923,0
018924,0
018925,0
018926,0
018927,0
018928,0
018929,0
018930,0
018931,1
018932,0
018933,0
018934,0
018935,0
018936,1
018937,1
018938,0
018939,1
018940,0
018941,1
018942,1
018943,0
018944,1
018945,0
018946,0
018947,0
018948,0
018949,0
018950,1
018951,0
018952,0
018953,0
018954,0
018955,0
018956,0
018957,0
018958,0
018959,0
018960,0
018961,0
018962,0
018963,0
018964,1
018965,0
018966,1
018967,0
018968,0
018969,0
018970,0
018971,0
018972,0
018973,0
018974,0
018975,0
018976,0
018977,0
018978,0
018979,0
018980,0
018981,1
018982,0
018983,0
018984,0
018985,0
018986,0
018987,0
018988,0
018989,0
018990,0
018991,1
018992,0
018993,0
018994,0
018995,0
018996,0
018997,1
018998,0
018999,0
019000,0
019001,0
019002,0
019003,0
019004,0
019005,0
019006,0
019007,0
019008,0
019009,0
019010,0
019011,0
019012,0
019013,0
019014,0
019015,0
019016,0
019017,0
019018,1
019019,0
019020,0
019021,0
019022,0
019023,1
019024,0
019025,0
019026,0
019027,0
019028,0
019029,1
019030,1
019031,0
019032,0
019033,0
019034,0
019035,0
019036,0
019037,0
019038,0
019039,0
019040,0
019041,0
019042,0
019043,1
019044,0
019045,0
019046,0
019047,0
019048,0
019049,0
019050,0
019051,1
019052,0
019053,0
019054,1
019055,0
019056,0
019057,0
019058,0
019059,0
019060,0
019061,0
019062,0
019063,0
019064,1
019065,0
019066,0
019067,0
019068,0
019069,0
019070,0
019071,1
019072,0
019073,0
019074,0
019075,0
019076,0
019077,0
019078,0
019079,0
019080,0
019081,0
019082,0
019083,0
019084,0
019085,1
019086,0
019087,0
019088,0
019089,0
019090,0
019091,0
019092,0
019093,0
019094,0
019095,0
019096,1
019097,0
019098,0
019099,0
019100,0
019101,0
019102,0
019103,0
019104,0
019105,0
019106,0
019107,0
019108,0
019109,0
019110,0
019111,0
019112,0
019113,1
019114,0
019115,0
019116,1
019117,0
019118,0
019119,0
019120,0
019121,0
019122,0
019123,0
019124,0
019125,0
019126,0
019127,0
019128,0
019129,0
019130,0
019131,0
019132,0
019133,0
019134,0
019135,0
019136,1
019137,0
019138,0
019139,0
019140,0
019141,0
019142,0
019143,0
019144,0
019145,0
019146,0
019147,0
019148,0
019149,0
019150,0
019151,0
019152,0
019153,1
019154,0
019155,0
019156,0
019157,0
019158,0
019159,0
019160,0
019161,0
019162,0
019163,0
019164,0
019165,1
019166,0
019167,0
019168,0
019169,0
019170,0
019171,0
019172,0
019173,0
019174,0
019175,0
019176,0
019177,0
019178,0
019179,0
019180,0
019181,0
019182,0
019183,0
019184,0
019185,0
019186,0
019187,0
019188,0
019189,0
019190,0
019191,0
019192,0
019193,0
019194,0
019195,0
019196,0
019197,0
019198,0
019199,0
019200,0
019201,0
019202,0
019203,0
019204,0
019205,0
019206,0
019207,0
019208,0
019209,0
019210,1
019211,0
019212,0
019213,0
019214,0
019215,0
019216,0
019217,0
019218,0
019219,0
019220,0
019221,0
019222,0
019223,0
019224,0
019225,0
019226,1
019227,0
019228,0
019229,0
019230,0
019231,0
019232,0
019233,0
019234,0
019235,0
019236,0
019237,0
019238,0
019239,0
019240,0
019241,0
019242,0
019243,0
019244,0
019245,0
019246,0
019247,0
019248,0
019249,0
019250,0
019251,0
019252,1
019253,0
019254,0
019255,0
019256,0
019257,0
019258,0
019259,0
019260,0
019261,0
019262,0
019263,0
019264,0
019265,1
019266,0
019267,0
019268,0
019269,0
019270,1
019271,0
019272,0
019273,0
019274,1
019275,0
019276,0
019277,0
019278,1
019279,0
019280,0
019281,0
019282,0
019283,0
019284,0
019285,0
019286,0
019287,0
019288,0
019289,0
019290,0
019291,0
019292,0
019293,0
019294,0
019295,0
019296,1
019297,1
019298,1
019299,0
019300,0
019301,0
019302,0
019303,0
019304,0
019305,0
019306,0
019307,0
019308,0
019309,0
019310,0
019311,0
019312,0
019313,0
019314,0
019315,0
019316,0
019317,0
019318,0
019319,0
019320,0
019321,1
019322,0
019323,0
019324,0
019325,0
019326,0
019327,0
019328,0
019329,0
019330,0
019331,0
019332,0
019333,0
019334,0
019335,0
019336,0
019337,0
019338,0
019339,0
019340,0
019341,0
019342,0
019343,0
019344,1
019345,0
019346,0
019347,0
019348,0
019349,0
019350,0
019351,0
019352,0
019353,0
019354,0
019355,0
019356,0
019357,0
019358,0
019359,0
019360,0
019361,0
019362,0
019363,0
019364,0
019365,0
019366,0
019367,0
019368,0
019369,0
019370,0
019371,0
019372,0
019373,0
019374,0
019375,0
019376,0
019377,1
019378,0
019379,0
019380,0
019381,0
019382,0
019383,0
019384,0
019385,0
019386,1
019387,1
019388,0
019389,0
019390,0
019391,0
019392,0
019393,0
019394,0
019395,0
019396,1
019397,0
019398,0
019399,0
019400,0
019401,0
019402,1
019403,1
019404,0
019405,0
019406,0
019407,0
019408,0
019409,0
019410,1
019411,0
019412,0
019413,0
019414,0
019415,0
019416,1
019417,0
019418,0
019419,0
019420,0
019421,0
019422,0
019423,0
019424,0
019425,0
019426,0
019427,0
019428,0
019429,0
019430,0
019431,0
019432,0
019433,0
019434,0
019435,1
019436,0
019437,0
019438,0
019439,0
019440,0
019441,0
019442,0
019443,1
019444,1
019445,0
019446,0
019447,0
019448,0
019449,0
019450,0
019451,0
019452,0
019453,0
019454,0
019455,0
019456,0
019457,0
019458,0
019459,0
019460,1
019461,0
019462,0
019463,0
019464,0
019465,0
019466,0
019467,0
019468,0
019469,0
019470,0
019471,0
019472,0
019473,1
019474,0
019475,0
019476,0
019477,0
019478,1
019479,0
019480,0
019481,0
019482,0
019483,0
019484,0
019485,1
019486,0
019487,0
019488,0
019489,0
019490,0
019491,0
019492,0
019493,0
019494,1
019495,0
019496,0
019497,0
019498,0
019499,0
019500,0
019501,0
019502,0
019503,0
019504,1
019505,0
019506,0
019507,0
019508,0
019509,0
019510,0
019511,1
019512,0
019513,0
019514,0
019515,0
019516,0
019517,0
019518,0
019519,0
019520,0
019521,0
019522,0
019523,0
019524,0
019525,1
019526,0
019527,0
019528,0
019529,0
019530,0
019531,0
019532,0
019533,0
019534,0
019535,0
019536,0
019537,0
019538,0
019539,0
019540,0
019541,0
019542,0
019543,0
019544,1
019545,0
019546,0
019547,0
019548,0
019549,0
019550,0
019551,0
019552,0
019553,1
019554,0
019555,1
019556,0
019557,0
019558,0
019559,0
019560,0
019561,0
019562,0
019563,0
019564,0
019565,1
019566,0
019567,0
019568,0
019569,0
019570,0
019571,0
019572,0
019573,1
019574,1
019575,0
019576,0
019577,0
019578,0
019579,0
019580,0
019581,0
019582,0
019583,0
019584,0
019585,0
019586,0
019587,0
019588,0
019589,0
019590,0
019591,0
019592,0
019593,0
019594,1
019595,0
019596,1
019597,0
019598,0
019599,1
019600,0
019601,0
019602,0
019603,0
019604,0
019605,0
019606,0
019607,1
019608,0
019609,0
019610,0
019611,0
019612,0
019613,0
019614,0
019615,0
019616,0
019617,0
019618,0
019619,0
019620,0
019621,0
019622,0
019623,1
019624,1
019625,0
019626,0
019627,0
019628,0
019629,0
019630,0
019631,0
019632,0
019633,1
019634,0
019635,1
019636,1
019637,0
019638,1
019639,0
019640,0
019641,0
019642,0
019643,0
019644,0
019645,0
019646,0
019647,0
019648,0
019649,0
019650,0
019651,0
019652,0
019653,0
019654,1
019655,0
019656,0
019657,0
019658,0
019659,0
019660,0
019661,1
019662,0
019663,0
019664,0
019665,0
019666,0
019667,0
019668,0
019669,0
019670,0
019671,0
019672,0
019673,0
019674,1
019675,0
019676,0
019677,0
019678,0
019679,0
019680,0
019681,1
019682,0
019683,0
019684,0
019685,0
019686,0
019687,0
019688,0
019689,1
019690,0
019691,0
019692,1
019693,1
019694,0
019695,0
019696,1
019697,1
019698,0
019699,0
019700,1
019701,0
019702,0
019703,0
019704,0
019705,0
019706,0
019707,0
019708,0
019709,0
019710,1
019711,0
019712,0
019713,0
019714,0
019715,1
019716,0
019717,0
019718,0
019719,0
019720,0
019721,0
019722,0
019723,0
019724,0
019725,1
019726,0
019727,0
019728,0
019729,0
019730,0
019731,0
019732,0
019733,0
019734,0
019735,0
019736,0
019737,0
019738,0
019739,0
019740,0
019741,0
019742,0
019743,0
019744,0
019745,0
019746,0
019747,1
019748,0
019749,0
019750,0
019751,0
019752,0
019753,0
019754,0
019755,0
019756,0
019757,0
019758,0
019759,0
019760,0
019761,0
019762,0
019763,0
019764,0
019765,0
019766,0
019767,0
019768,0
019769,0
019770,0
019771,0
019772,0
019773,0
019774,0
019775,0
019776,0
019777,0
019778,0
019779,0
019780,1
019781,1
019782,0
019783,0
019784,0
019785,0
019786,0
019787,0
019788,0
019789,0
019790,0
019791,0
019792,0
019793,0
019794,0
019795,0
019796,0
019797,0
019798,0
019799,0
019800,0
019801,1
019802,0
019803,0
019804,0
019805,0
019806,0
019807,0
019808,0
019809,0
019810,0
019811,0
019812,0
019813,0
019814,0
019815,0
019816,0
019817,1
019818,0
019819,0
019820,0
019821,0
019822,0
019823,1
019824,0
019825,0
019826,0
019827,0
019828,0
019829,0
019830,0
019831,0
019832,1
019833,0
019834,0
019835,0
019836,0
019837,0
019838,0
019839,1
019840,0
019841,0
019842,0
019843,0
019844,0
019845,0
019846,0
019847,0
019848,0
019849,0
019850,0
019851,0
019852,0
019853,0
019854,0
019855,0
019856,0
019857,0
019858,0
019859,0
019860,0
019861,0
019862,0
019863,0
019864,0
019865,0
019866,0
019867,0
019868,0
019869,0
019870,0
019871,1
019872,1
019873,0
019874,0
019875,0
019876,0
019877,0
019878,0
019879,0
019880,0
019881,0
019882,0
019883,0
019884,0
019885,0
019886,0
019887,0
019888,1
019889,0
019890,0
019891,0
019892,0
019893,0
019894,0
019895,1
019896,0
019897,0
019898,0
019899,0
019900,0
019901,0
019902,0
019903,0
019904,0
019905,0
019906,0
019907,0
019908,0
019909,0
019910,1
019911,0
019912,0
019913,0
019914,1
019915,0
019916,0
019917,0
019918,0
019919,0
019920,0
019921,0
019922,0
019923,0
019924,0
019925,0
019926,0
019927,0
019928,0
019929,0
019930,0
019931,0
019932,1
019933,0
019934,0
019935,0
019936,0
019937,0
019938,0
019939,0
019940,0
019941,0
019942,0
019943,0
019944,0
019945,0
019946,0
019947,0
019948,0
019949,0
019950,0
019951,0
019952,0
019953,0
019954,0
019955,0
019956,0
019957,0
019958,0
019959,0
019960,0
019961,0
019962,0
019963,1
019964,0
019965,0
019966,0
019967,0
019968,0
019969,0
019970,0
019971,0
019972,0
019973,0
019974,0
019975,0
019976,0
019977,0
019978,0
019979,1
019980,0
019981,0
019982,0
019983,0
019984,0
019985,0
019986,0
019987,0
019988,1
019989,0
019990,0
019991,0
019992,0
019993,0
019994,0
019995,0
019996,0
019997,0
019998,0
019999,0
020000,0
020001,0
020002,0
020003,0
020004,0
020005,1
020006,0
020007,0
020008,0
020009,0
020010,0
020011,0
020012,0
020013,0
020014,0
020015,0
020016,0
020017,0
020018,0
020019,0
020020,0
020021,0
020022,0
020023,1
020024,0
020025,1
020026,1
020027,0
020028,0
020029,0
020030,0
020031,0
020032,0
020033,0
020034,1
020035,0
020036,0
020037,0
020038,1
020039,0
020040,0
020041,0
020042,0
020043,0
020044,0
020045,0
020046,0
020047,0
020048,0
020049,0
020050,0
020051,0
020052,0
020053,0
020054,0
020055,0
020056,0
020057,1
020058,0
020059,0
020060,0
020061,0
020062,0
020063,0
020064,0
020065,0
020066,0
020067,0
020068,0
020069,0
020070,0
020071,0
020072,0
020073,1
020074,0
020075,0
020076,0
020077,0
020078,0
020079,0
020080,0
020081,0
020082,0
020083,0
020084,0
020085,0
020086,0
020087,0
020088,0
020089,0
020090,0
020091,0
020092,0
020093,0
020094,0
020095,0
020096,0
020097,0
020098,0
020099,1
020100,0
020101,0
020102,0
020103,0
020104,0
020105,0
020106,0
020107,0
020108,1
020109,0
020110,0
020111,0
020112,0
020113,0
020114,0
020115,0
020116,1
020117,1
020118,0
020119,0
020120,1
020121,0
020122,0
020123,0
020124,0
020125,0
020126,0
020127,0
020128,0
020129,0
020130,0
020131,1
020132,0
020133,0
020134,0
020135,0
020136,0
020137,0
020138,0
020139,0
020140,1
020141,0
020142,0
020143,0
020144,0
020145,0
020146,0
020147,0
020148,0
020149,1
020150,0
020151,0
020152,0
020153,0
020154,0
020155,0
020156,0
020157,0
020158,0
020159,0
020160,0
020161,0
020162,0
020163,1
020164,0
020165,1
020166,0
020167,0
020168,0
020169,0
020170,0
020171,0
020172,0
020173,0
020174,0
020175,0
020176,0
020177,0
020178,0
020179,0
020180,0
020181,0
020182,1
020183,0
020184,0
020185,0
020186,0
020187,0
020188,1
020189,0
020190,1
020191,0
020192,0
020193,0
020194,0
020195,0
020196,0
020197,0
020198,0
020199,0
020200,0
020201,0
020202,0
020203,0
020204,0
020205,1
020206,0
020207,0
020208,0
020209,0
020210,0
020211,0
020212,0
020213,0
020214,0
020215,1
020216,0
020217,0
020218,0
020219,0
020220,0
020221,0
020222,0
020223,0
020224,1
020225,0
020226,0
020227,0
020228,0
020229,0
020230,0
020231,0
020232,0
020233,0
020234,0
020235,0
020236,0
020237,0
020238,0
020239,0
020240,0
020241,0
020242,0
020243,0
020244,0
020245,0
020246,0
020247,1
020248,0
020249,0
020250,0
020251,0
020252,0
020253,0
020254,0
020255,0
020256,0
020257,0
020258,0
020259,0
020260,0
020261,0
020262,0
020263,1
020264,0
020265,0
020266,0
020267,0
020268,0
020269,1
020270,0
020271,0
020272,0
020273,0
020274,0
020275,0
020276,0
020277,0
020278,0
020279,0
020280,1
020281,0
020282,1
020283,0
020284,1
020285,0
020286,0
020287,0
020288,0
020289,0
020290,0
020291,0
020292,0
020293,0
020294,0
020295,1
020296,0
020297,0
020298,0
020299,0
020300,1
020301,0
020302,0
020303,0
020304,0
020305,0
020306,0
020307,0
020308,0
020309,0
020310,0
020311,0
020312,0
020313,0
020314,0
020315,0
020316,0
020317,0
020318,0
020319,0
020320,0
020321,0
020322,0
020323,0
020324,0
020325,0
020326,0
020327,0
020328,0
020329,0
020330,0
020331,1
020332,0
020333,0
020334,0
020335,0
020336,0
020337,0
020338,0
020339,0
020340,0
020341,0
020342,0
020343,0
020344,0
020345,0
020346,0
020347,0
020348,0
020349,0
020350,0
020351,0
020352,0
020353,1
020354,1
020355,0
020356,0
020357,0
020358,0
020359,0
020360,0
020361,0
020362,0
020363,0
020364,0
020365,0
020366,0
020367,0
020368,0
020369,0
020370,0
020371,0
020372,0
020373,0
020374,1
020375,0
020376,0
020377,0
020378,0
020379,0
020380,0
020381,0
020382,0
020383,0
020384,0
020385,0
020386,0
020387,0
020388,1
020389,0
020390,0
020391,0
020392,0
020393,0
020394,0
020395,0
020396,0
020397,0
020398,0
020399,0
020400,0
020401,0
020402,0
020403,0
020404,0
020405,0
020406,0
020407,0
020408,0
020409,0
020410,0
020411,1
020412,0
020413,0
020414,0
020415,0
020416,0
020417,0
020418,0
020419,1
020420,0
020421,0
020422,0
020423,0
020424,0
020425,0
020426,0
020427,1
020428,0
020429,0
020430,0
020431,0
020432,0
020433,0
020434,0
020435,0
020436,0
020437,0
020438,0
020439,0
020440,0
020441,0
020442,0
020443,0
020444,0
020445,0
020446,0
020447,0
020448,0
020449,0
020450,0
020451,0
020452,0
020453,1
020454,0
020455,1
020456,0
020457,0
020458,0
020459,0
020460,0
020461,1
020462,0
020463,0
020464,0
020465,0
020466,0
020467,0
020468,0
020469,0
020470,0
020471,1
020472,0
020473,0
020474,1
020475,0
020476,0
020477,0
020478,0
020479,0
020480,0
020481,0
020482,0
020483,0
020484,0
020485,0
020486,0
020487,0
020488,0
020489,0
020490,0
020491,1
020492,0
020493,0
020494,0
020495,0
020496,0
020497,0
020498,0
020499,0
020500,0
020501,0
020502,0
020503,0
020504,0
020505,0
020506,0
020507,0
020508,0
020509,0
020510,0
020511,0
020512,0
020513,0
020514,0
020515,0
020516,1
020517,0
020518,0
020519,0
020520,0
020521,1
020522,1
020523,0
020524,0
020525,0
020526,0
020527,1
020528,0
020529,0
020530,0
020531,0
020532,0
020533,0
020534,0
020535,1
020536,0
020537,0
020538,0
020539,0
020540,0
020541,0
020542,0
020543,0
020544,0
020545,1
020546,1
020547,0
020548,0
020549,0
020550,0
020551,0
020552,0
020553,0
020554,0
020555,0
020556,0
020557,0
020558,0
020559,0
020560,0
020561,0
020562,0
020563,1
020564,0
020565,0
020566,0
020567,0
020568,0
020569,0
020570,0
020571,0
020572,0
020573,0
020574,0
020575,1
020576,0
020577,0
020578,0
020579,1
020580,0
020581,0
020582,0
020583,0
020584,0
020585,0
020586,0
020587,0
020588,0
020589,0
020590,0
020591,1
020592,0
020593,0
020594,1
020595,0
020596,0
020597,0
020598,0
020599,1
020600,0
020601,0
020602,0
020603,0
020604,0
020605,0
020606,0
020607,0
020608,0
020609,1
020610,0
020611,0
020612,1
020613,0
020614,0
020615,0
020616,0
020617,0
020618,0
020619,0
020620,0
020621,0
020622,0
020623,0
020624,0
020625,0
020626,0
020627,0
020628,0
020629,1
020630,0
020631,0
020632,0
020633,0
020634,0
020635,0
020636,0
020637,0
020638,0
020639,0
020640,0
020641,0
020642,0
020643,0
020644,0
020645,0
020646,0
020647,0
020648,0
020649,0
020650,0
020651,0
020652,1
020653,0
020654,1
020655,0
020656,0
020657,0
020658,0
020659,0
020660,0
020661,0
020662,0
020663,1
020664,0
020665,0
020666,0
020667,1
020668,0
020669,0
020670,1
020671,0
020672,0
020673,1
020674,0
020675,0
020676,0
020677,0
020678,0
020679,0
020680,0
020681,0
020682,0
020683,0
020684,0
020685,0
020686,0
020687,0
020688,0
020689,0
020690,0
020691,0
020692,0
020693,0
020694,0
020695,0
020696,0
020697,0
020698,0
020699,0
020700,0
020701,0
020702,0
020703,0
020704,0
020705,0
020706,0
020707,0
020708,0
020709,0
020710,0
020711,0
020712,0
020713,0
020714,0
020715,0
020716,0
020717,0
020718,0
020719,0
020720,0
020721,0
020722,0
020723,0
020724,0
020725,0
020726,0
020727,0
020728,0
020729,0
020730,0
020731,1
020732,0
020733,0
020734,0
020735,1
020736,0
020737,0
020738,0
020739,0
020740,0
020741,0
020742,0
020743,0
020744,0
020745,0
020746,0
020747,0
020748,0
020749,0
020750,0
020751,0
020752,0
020753,0
020754,0
020755,0
020756,0
020757,0
020758,0
020759,0
020760,0
020761,0
020762,0
020763,0
020764,0
020765,0
020766,0
020767,0
020768,0
020769,0
020770,0
020771,0
020772,0
020773,0
020774,0
020775,0
020776,0
020777,0
020778,1
020779,0
020780,0
020781,0
020782,0
020783,0
020784,0
020785,0
020786,0
020787,0
020788,0
020789,0
020790,0
020791,0
020792,1
020793,0
020794,0
020795,0
020796,0
020797,0
020798,0
020799,0
020800,0
020801,0
020802,0
020803,0
020804,1
020805,0
020806,0
020807,0
020808,0
020809,0
020810,0
020811,0
020812,0
020813,1
020814,0
020815,0
020816,0
020817,0
020818,0
020819,0
020820,0
020821,0
020822,0
020823,0
020824,0
020825,0
020826,0
020827,0
020828,0
020829,0
020830,0
020831,0
020832,1
020833,0
020834,0
020835,0
020836,0
020837,0
020838,0
020839,0
020840,0
020841,0
020842,0
020843,0
020844,0
020845,0
020846,0
020847,0
020848,0
020849,0
020850,0
020851,0
020852,0
020853,0
020854,0
020855,0
020856,0
020857,0
020858,0
020859,1
020860,0
020861,0
020862,0
020863,0
020864,0
020865,0
020866,0
020867,0
020868,0
020869,0
020870,0
020871,0
020872,0
020873,0
020874,1
020875,0
020876,0
020877,0
020878,1
020879,1
020880,0
020881,0
020882,0
020883,0
020884,0
020885,0
020886,0
020887,0
020888,0
020889,0
020890,0
020891,0
020892,1
020893,0
020894,0
020895,0
020896,0
020897,0
020898,0
020899,0
020900,0
020901,0
020902,0
020903,0
020904,0
020905,0
020906,0
020907,0
020908,0
020909,0
020910,0
020911,0
020912,0
020913,0
020914,0
020915,0
020916,0
020917,0
020918,0
020919,1
020920,1
020921,0
020922,0
020923,1
020924,0
020925,0
020926,0
020927,0
020928,0
020929,0
020930,0
020931,0
020932,0
020933,0
020934,0
020935,0
020936,0
020937,0
020938,0
020939,0
020940,0
020941,0
020942,0
020943,0
020944,0
020945,0
020946,0
020947,0
020948,0
020949,0
020950,0
020951,0
020952,0
020953,0
020954,0
020955,0
020956,0
020957,0
020958,0
020959,0
020960,0
020961,0
020962,0
020963,0
020964,0
020965,0
020966,0
020967,0
020968,0
020969,0
020970,0
020971,1
020972,0
020973,0
020974,0
020975,1
020976,0
020977,0
020978,0
020979,1
020980,0
020981,0
020982,0
020983,0
020984,0
020985,0
020986,0
020987,0
020988,0
020989,0
020990,0
020991,0
020992,0
020993,0
020994,0
020995,0
020996,0
020997,0
020998,0
020999,0
021000,0
021001,0
021002,0
021003,0
021004,0
021005,0
021006,0
021007,0
021008,0
021009,0
021010,0
021011,0
021012,0
021013,0
021014,0
021015,0
021016,0
021017,0
021018,0
021019,0
021020,0
021021,0
021022,1
021023,0
021024,0
021025,0
021026,0
021027,0
021028,0
021029,1
021030,0
021031,0
021032,0
021033,0
021034,0
021035,0
021036,0
021037,0
021038,0
021039,0
021040,0
021041,0
021042,0
021043,0
021044,0
021045,0
021046,0
021047,0
021048,0
021049,0
021050,1
021051,0
021052,0
021053,0
021054,0
021055,1
021056,0
021057,0
021058,0
021059,0
021060,0
021061,0
021062,0
021063,0
021064,0
021065,1
021066,0
021067,0
021068,0
021069,0
021070,0
021071,0
021072,0
021073,0
021074,0
021075,0
021076,0
021077,0
021078,0
021079,0
021080,0
021081,0
021082,0
021083,0
021084,0
021085,0
021086,0
021087,1
021088,0
021089,0
021090,0
021091,0
021092,0
021093,0
021094,0
021095,0
021096,0
021097,0
021098,1
021099,0
021100,0
021101,0
021102,0
021103,0
021104,0
021105,0
021106,1
021107,1
021108,1
021109,0
021110,0
021111,0
021112,0
021113,0
021114,0
021115,0
021116,0
021117,0
021118,0
021119,0
021120,0
021121,0
021122,0
021123,0
021124,0
021125,0
021126,0
021127,0
021128,0
021129,0
021130,0
021131,0
021132,0
021133,0
021134,0
021135,1
021136,0
021137,0
021138,1
021139,1
021140,0
021141,0
021142,0
021143,0
021144,0
021145,0
021146,0
021147,0
021148,0
021149,0
021150,0
021151,0
021152,0
021153,0
021154,0
021155,0
021156,0
021157,0
021158,0
021159,1
021160,1
021161,1
021162,0
021163,0
021164,0
021165,0
021166,0
021167,0
021168,0
021169,0
021170,1
021171,0
021172,0
021173,1
021174,0
021175,0
021176,0
021177,0
021178,0
021179,0
021180,0
021181,0
021182,0
021183,0
021184,0
021185,0
021186,0
021187,0
021188,0
021189,1
021190,0
021191,0
021192,0
021193,0
021194,0
021195,0
021196,0
021197,0
021198,0
021199,0
021200,0
021201,0
021202,0
021203,0
021204,0
021205,0
021206,0
021207,0
021208,0
021209,0
021210,0
021211,0
021212,0
021213,0
021214,0
021215,0
021216,0
021217,0
021218,0
021219,0
021220,0
021221,0
021222,0
021223,0
021224,0
021225,0
021226,0
021227,0
021228,0
021229,0
021230,0
021231,0
021232,0
021233,1
021234,0
021235,0
021236,0
021237,0
021238,0
021239,0
021240,0
021241,0
021242,1
021243,0
021244,0
021245,1
021246,0
021247,0
021248,0
021249,0
021250,0
021251,0
021252,0
021253,0
021254,0
021255,0
021256,0
021257,0
021258,0
021259,0
021260,1
021261,0
021262,0
021263,0
021264,0
021265,1
021266,0
021267,0
021268,0
021269,0
021270,0
021271,0
021272,0
021273,0
021274,1
021275,0
021276,0
021277,0
021278,0
021279,1
021280,1
021281,0
021282,0
021283,1
021284,0
021285,0
021286,0
021287,0
021288,1
021289,0
021290,0
021291,0
021292,0
021293,0
021294,0
021295,0
021296,0
021297,0
021298,0
021299,0
021300,0
021301,0
021302,0
021303,0
021304,0
021305,0
021306,0
021307,0
021308,0
021309,1
021310,0
021311,0
021312,0
021313,0
021314,0
021315,0
021316,0
021317,0
021318,0
021319,0
021320,0
021321,1
021322,0
021323,0
021324,0
021325,0
021326,0
021327,0
021328,0
021329,0
021330,0
021331,0
021332,0
021333,0
021334,0
021335,0
021336,0
021337,0
021338,0
021339,1
021340,0
021341,0
021342,0
021343,0
021344,0
021345,0
021346,0
021347,0
021348,0
021349,0
021350,0
021351,0
021352,0
021353,0
021354,0
021355,1
021356,0
021357,0
021358,0
021359,0
021360,0
021361,0
021362,0
021363,0
021364,0
021365,0
021366,0
021367,0
021368,0
021369,1
021370,0
021371,0
021372,0
021373,0
021374,0
021375,0
021376,0
021377,0
021378,0
021379,1
021380,0
021381,0
021382,0
021383,0
021384,0
021385,0
021386,0
021387,0
021388,0
021389,0
021390,0
021391,0
021392,0
021393,0
021394,0
021395,0
021396,0
021397,0
021398,1
021399,0
021400,0
021401,0
021402,0
021403,0
021404,0
021405,0
021406,0
021407,0
021408,0
021409,0
021410,0
021411,0
021412,0
021413,0
021414,0
021415,0
021416,0
021417,0
021418,1
021419,0
021420,0
021421,0
021422,1
021423,0
021424,0
021425,1
021426,0
021427,0
021428,0
021429,0
021430,0
021431,0
021432,0
021433,0
021434,0
021435,0
021436,0
021437,0
021438,0
021439,0
021440,0
021441,0
021442,0
021443,0
021444,0
021445,0
021446,0
021447,0
021448,0
021449,0
021450,0
021451,1
021452,0
021453,0
021454,0
021455,0
021456,0
021457,0
021458,0
021459,0
021460,0
021461,0
021462,0
021463,0
021464,0
021465,0
021466,0
021467,1
021468,0
021469,0
021470,0
021471,0
021472,0
021473,0
021474,0
021475,0
021476,0
021477,0
021478,0
021479,0
021480,0
021481,1
021482,0
021483,0
021484,0
021485,0
021486,0
021487,0
021488,0
021489,0
021490,0
021491,0
021492,0
021493,0
021494,0
021495,0
021496,1
021497,0
021498,0
021499,0
021500,0
021501,0
021502,0
021503,0
021504,0
021505,0
021506,0
021507,0
021508,1
021509,1
021510,0
021511,0
021512,0
021513,0
021514,0
021515,0
021516,0
021517,0
021518,0
021519,0
021520,0
021521,0
021522,0
021523,0
021524,1
021525,0
021526,0
021527,0
021528,1
021529,0
021530,0
021531,0
021532,0
021533,0
021534,0
021535,0
021536,0
021537,0
021538,0
021539,0
021540,0
021541,0
021542,0
021543,0
021544,0
021545,0
021546,0
021547,0
021548,0
021549,0
021550,0
021551,0
021552,0
021553,0
021554,0
021555,0
021556,0
021557,0
021558,0
021559,0
021560,0
021561,0
021562,0
021563,1
021564,0
021565,0
021566,0
021567,0
021568,0
021569,0
021570,0
021571,0
021572,0
021573,0
021574,0
021575,0
021576,0
021577,0
021578,0
021579,1
021580,0
021581,0
021582,0
021583,0
021584,0
021585,0
021586,0
021587,0
021588,0
021589,0
021590,0
021591,0
021592,0
021593,0
021594,0
021595,0
021596,0
021597,0
021598,0
021599,0
021600,0
021601,0
021602,0
021603,1
021604,0
021605,0
021606,0
021607,0
021608,0
021609,1
021610,0
021611,0
021612,0
021613,0
021614,0
021615,0
021616,0
021617,0
021618,0
021619,0
021620,0
021621,0
021622,1
021623,0
021624,0
021625,0
021626,0
021627,0
021628,1
021629,0
021630,0
021631,0
021632,0
021633,0
021634,0
021635,0
021636,0
021637,0
021638,0
021639,0
021640,0
021641,0
021642,0
021643,0
021644,0
021645,0
021646,0
021647,0
021648,0
021649,1
021650,0
021651,0
021652,0
021653,0
021654,0
021655,0
021656,0
021657,0
021658,1
021659,1
021660,0
021661,0
021662,0
021663,0
021664,0
021665,0
021666,0
021667,0
021668,0
021669,0
021670,0
021671,0
021672,0
021673,1
021674,0
021675,0
021676,0
021677,0
021678,0
021679,1
021680,0
021681,0
021682,0
021683,0
021684,0
021685,0
021686,0
021687,0
021688,0
021689,0
021690,0
021691,0
021692,0
021693,0
021694,0
021695,0
021696,0
021697,0
021698,0
021699,0
021700,0
021701,0
021702,0
021703,0
021704,0
021705,0
021706,0
021707,0
021708,0
021709,0
021710,0
021711,0
021712,0
021713,0
021714,0
021715,0
021716,0
021717,0
021718,0
021719,0
021720,0
021721,0
021722,0
021723,0
021724,0
021725,0
021726,1
021727,0
021728,0
021729,0
021730,0
021731,0
021732,0
021733,0
021734,0
021735,0
021736,1
021737,0
021738,0
021739,0
021740,0
021741,0
021742,0
021743,0
021744,0
021745,0
021746,0
021747,0
021748,0
021749,0
021750,1
021751,0
021752,0
021753,0
021754,0
021755,0
021756,0
021757,0
021758,0
021759,0
021760,0
021761,0
021762,0
021763,0
021764,0
021765,0
021766,1
021767,1
021768,0
021769,0
021770,0
021771,0
021772,0
021773,0
021774,0
021775,0
021776,0
021777,0
021778,0
021779,0
021780,0
021781,0
021782,1
021783,1
021784,0
021785,0
021786,0
021787,0
021788,0
021789,0
021790,0
021791,1
021792,0
021793,0
021794,0
021795,0
021796,0
021797,0
021798,0
021799,0
021800,0
021801,0
021802,0
021803,1
021804,0
021805,0
021806,0
021807,0
021808,0
021809,0
021810,0
021811,0
021812,0
021813,0
021814,1
021815,0
021816,0
021817,0
021818,0
021819,0
021820,0
021821,0
021822,0
021823,0
021824,0
021825,0
021826,0
021827,0
021828,0
021829,0
021830,1
021831,0
021832,0
021833,0
021834,0
021835,0
021836,0
021837,0
021838,0
021839,0
021840,0
021841,0
021842,0
021843,0
021844,0
021845,0
021846,0
021847,0
021848,0
021849,0
021850,0
021851,1
021852,0
021853,0
021854,1
021855,0
021856,0
021857,0
021858,0
021859,0
021860,0
021861,0
021862,0
021863,0
021864,0
021865,0
021866,0
021867,0
021868,0
021869,0
021870,0
021871,0
021872,0
021873,0
021874,0
021875,0
021876,0
021877,0
021878,0
021879,0
021880,0
021881,0
021882,0
021883,0
021884,0
021885,0
021886,0
021887,0
021888,0
021889,0
021890,0
021891,0
021892,0
021893,0
021894,0
021895,0
021896,0
021897,1
021898,0
021899,0
021900,0
021901,0
021902,0
021903,0
021904,0
021905,0
021906,0
021907,0
021908,0
021909,0
021910,1
021911,0
021912,0
021913,0
021914,0
021915,0
021916,0
021917,0
021918,0
021919,0
021920,0
021921,0
021922,0
021923,0
021924,0
021925,0
021926,0
021927,0
021928,0
021929,0
021930,0
021931,0
021932,0
021933,0
021934,0
021935,0
021936,0
021937,0
021938,0
021939,0
021940,0
021941,0
021942,0
021943,0
021944,0
021945,0
021946,0
021947,0
021948,0
021949,0
021950,0
021951,0
021952,0
021953,0
021954,0
021955,0
021956,0
021957,0
021958,0
021959,0
021960,0
021961,1
021962,0
021963,0
021964,0
021965,0
021966,1
021967,0
021968,1
021969,1
021970,0
021971,0
021972,0
021973,0
021974,1
021975,0
021976,0
021977,0
021978,0
021979,0
021980,0
021981,0
021982,0
021983,1
021984,0
021985,0
021986,0
021987,0
021988,0
021989,0
021990,0
021991,0
021992,0
021993,0
021994,0
021995,0
021996,0
021997,0
021998,0
021999,0
022000,0
022001,0
022002,0
022003,0
022004,0
022005,0
022006,1
022007,0
022008,0
022009,0
022010,0
022011,0
022012,1
022013,0
022014,1
022015,1
022016,0
022017,0
022018,0
022019,0
022020,0
022021,1
022022,0
022023,0
022024,1
022025,0
022026,0
022027,0
022028,0
022029,0
022030,0
022031,0
022032,0
022033,0
022034,1
022035,1
022036,1
022037,0
022038,0
022039,0
022040,0
022041,0
022042,0
022043,0
022044,0
022045,0
022046,0
022047,0
022048,0
022049,0
022050,0
022051,0
022052,0
022053,0
022054,0
022055,0
022056,0
022057,0
022058,0
022059,1
022060,0
022061,0
022062,0
022063,0
022064,0
022065,0
022066,0
022067,0
022068,0
022069,0
022070,0
022071,0
022072,0
022073,0
022074,0
022075,0
022076,0
022077,0
022078,0
022079,0
022080,0
022081,0
022082,1
022083,0
022084,0
022085,0
022086,0
022087,0
022088,0
022089,0
022090,1
022091,0
022092,0
022093,0
022094,0
022095,0
022096,0
022097,0
022098,0
022099,0
022100,0
022101,0
022102,0
022103,1
022104,0
022105,0
022106,0
022107,0
022108,0
022109,0
022110,0
022111,0
022112,0
022113,0
022114,0
022115,0
022116,0
022117,0
022118,0
022119,0
022120,0
022121,0
022122,0
022123,0
022124,1
022125,1
022126,0
022127,0
022128,0
022129,0
022130,0
022131,0
022132,0
022133,1
022134,0
022135,0
022136,0
022137,0
022138,0
022139,1
022140,0
022141,0
022142,0
022143,0
022144,0
022145,0
022146,0
022147,0
022148,0
022149,1
